lens_name:G103A-TU
shape_type:2
Hc:4.181
He:25.994
h:
DP:33.6
D:33.8
R:55.836702
K:8.551663247
A1:0
A2:0
A3:0
A4:8.7857265e-06
A5:0
A6:-3.132344e-08
A7:0
A8:9.75997694e-011
A9:0
A10:-3.87517956e-14
A11:0
A12:-6.2346027e-18
A13:0
A14:-1.42507364e-20
A15:0
A16:-2.48992698e-21
A17:0
A18:0
A19:0
A20:0
r:0.1