lens_name:G103A-AO
shape_type:1
Hc:5.413
He:26.525
h:
DP:30.1
D:33.8
R:22.3549
K:-5.19493
A1:0
A2:0
A3:0
A4:5.60729e-05
A5:0
A6:-2.05378e-07
A7:0
A8:6.234e-10
A9:0
A10:-5.09488e-13
A11:0
A12:-1.13327e-15
A13:0
A14:-1.03825e-18
A15:0
A16:3.21123e-21
A17:0
A18:0
A19:0
A20:0
r:0.1