lens_name:G1400038-LC
shape_type:2
Hc:2.668
He:15
h:20
DP:12.18
D:15
R:8.232867
K:0.05222072
A1:0
A2:-0.000211809
A3:0
A4:-7.4450169E-05
A5:0
A6:-3.7866686E-06
A7:0
A8:2.4174273E-07
A9:0
A10:-9.0940465E-09
A11:0
A12:1.3337755E-10
A13:0
A14:0
A15:0
A16:0
A17:0
A18:0
A19:0
A20:0
r:0.6