lens_name:G103A-TU
shape_type:2
Hc:4.181
He:25.994
h:0
DP:33.6
D:33.8
R:55.8367
K:8.55166
A1:0
A2:0
A3:0
A4:8.78573e-06
A5:0
A6:-3.13234e-08
A7:0
A8:9.75998e-11
A9:0
A10:-3.87518e-14
A11:0
A12:-6.2346e-18
A13:0
A14:-1.42507e-20
A15:0
A16:-2.48993e-21
A17:0
A18:0
A19:0
A20:0
r:0.1